0.0000e+00 0.0000e+00 3.4499e+01 3.7198e-01 0.0000e+00
-1.6700e-02 1.4118e+02 1.5809e+02 2.9253e-01 0.0000e+00
-2.6000e-03 2.1890e+01 1.6437e+02 4.6899e-01 0.0000e+00
-3.1000e-03 2.6490e+01 1.8175e+02 4.1951e-01 0.0000e+00
-3.5000e-03 2.6940e+01 1.8631e+02 1.0168e+00 0.0000e+00
-1.4000e-03 -8.6000e-01 6.0481e+00 2.8566e+00 0.0000e+00
-1.6000e-03 3.7900e+00 5.4467e+00 1.6095e+00 0.0000e+00
-1.8000e-03 -3.0000e-01 1.2370e+01 1.0997e+00 0.0000e+00
-2.0000e-03 5.3100e+00 1.0283e+01 9.3552e-01 0.0000e+00
-2.3000e-03 -5.7000e-01 8.3597e+00 2.2331e+00 0.0000e+00
-2.6000e-03 3.5400e+00 2.2565e+01 3.1792e+00 0.0000e+00
-2.9000e-03 4.5900e+00 2.8104e+01 3.9480e-01 0.0000e+00
-4.1000e-03 2.7490e+01 2.4535e+02 1.1633e+00 0.0000e+00
-4.7000e-03 4.4110e+01 2.6234e+02 2.8932e-01 0.0000e+00
-5.5000e-03 3.2540e+01 2.6688e+02 9.5736e-01 0.0000e+00
-6.3000e-03 4.5440e+01 3.4630e+02 1.5100e+00 0.0000e+00
-7.3000e-03 5.5490e+01 4.1435e+02 7.9176e-01 0.0000e+00
-8.5000e-03 6.5770e+01 4.3622e+02 2.9932e-01 0.0000e+00
-9.8000e-03 6.1960e+01 4.5233e+02 6.4008e-01 0.0000e+00
-1.1300e-02 6.9950e+01 5.2555e+02 1.0216e+00 0.0000e+00
-1.3100e-02 8.3270e+01 6.0923e+02 7.0077e-01 0.0000e+00
-1.5300e-02 9.5370e+01 6.4485e+02 4.2326e-01 1.0000e+00
-1.7500e-02 9.3320e+01 6.8946e+02 6.9795e-01 1.0000e+00
-2.0400e-02 1.0805e+02 7.9099e+02 6.0044e-01 1.0000e+00
-5.2000e-03 4.0700e+00 4.4154e+01 1.5777e+00 1.0000e+00
-5.9000e-03 8.4600e+00 4.9637e+01 4.2338e-01 1.0000e+00
-6.5000e-03 5.4200e+00 4.9883e+01 6.4291e-01 1.0000e+00
-7.5000e-03 8.1900e+00 5.9207e+01 1.4251e+00 1.0000e+00
-8.3000e-03 7.7400e+00 7.3073e+01 1.1959e+00 1.0000e+00
-9.4000e-03 1.1490e+01 8.1205e+01 7.8622e-01 1.0000e+00
-1.0500e-02 9.6600e+00 8.9659e+01 1.2077e+00 1.0000e+00
-1.1900e-02 1.3380e+01 1.1073e+02 7.6223e-01 1.0000e+00
-1.3300e-02 1.4790e+01 1.0926e+02 1.4201e-01 1.0000e+00
-1.5000e-02 1.2740e+01 1.1473e+02 7.2878e-01 1.0000e+00
-1.6900e-02 1.5970e+01 1.3106e+02 7.5535e-01 1.0000e+00
-1.9000e-02 1.6630e+01 1.3852e+02 5.8729e-01 1.0000e+00
-2.1400e-02 1.7620e+01 1.5153e+02 7.7213e-01 1.0000e+00
-2.3600e-02 1.9270e+01 1.6717e+02 7.0306e-01 1.0000e+00
-2.8000e-02 2.2060e+01 1.7998e+02 6.7176e-01 1.0000e+00
-3.0000e-02 2.2140e+01 1.9698e+02 5.0572e-01 1.0000e+00
-2.3600e-02 1.2361e+02 8.2208e+02 2.7706e-01 1.0000e+00
-2.7300e-02 1.1700e+02 8.5780e+02 3.7384e-01 1.0000e+00
-3.1600e-02 1.3397e+02 9.1709e+02 2.4533e-01 1.0000e+00
-3.6500e-02 1.3408e+02 9.2168e+02 1.6316e-01 1.0000e+00
-4.2300e-02 1.3523e+02 9.6193e+02 7.9686e-02 1.0000e+00
-4.9000e-02 1.4615e+02 9.4337e+02 2.7556e-01 1.0000e+00
-5.6700e-02 1.2986e+02 8.8743e+02 2.7808e-01 1.0000e+00
-6.5600e-02 1.2968e+02 8.6967e+02 3.6864e-01 1.0000e+00
-7.5900e-02 1.2457e+02 7.9678e+02 7.3003e-01 1.0000e+00
-8.7900e-02 1.0839e+02 7.0249e+02 7.2767e-01 1.0000e+00
-1.0180e-01 9.7120e+01 6.4401e+02 7.5206e-01 1.0000e+00
-1.1780e-01 9.1310e+01 5.6375e+02 1.3412e+00 1.0000e+00
-1.3620e-01 7.3540e+01 4.3516e+02 1.5887e+00 1.0000e+00
-1.5780e-01 5.3670e+01 3.5430e+02 1.0814e+00 1.0000e+00
-1.8260e-01 4.9960e+01 3.1716e+02 1.2344e+00 1.0000e+00
-2.1140e-01 4.2800e+01 2.4693e+02 1.7382e+00 1.0000e+00
-2.4460e-01 2.9420e+01 1.9076e+02 7.4383e-01 1.0000e+00
-2.8310e-01 2.6360e+01 1.9866e+02 6.0462e-01 2.0000e+00
-3.2780e-01 3.1740e+01 1.5983e+02 2.1545e+00 2.0000e+00
-3.7930e-01 1.5010e+01 1.0580e+02 4.5956e-01 2.0000e+00
-4.3910e-01 1.5930e+01 1.3975e+02 7.1689e-01 2.0000e+00
-5.0820e-01 2.4940e+01 1.3048e+02 5.1044e-01 2.0000e+00
-5.7820e-01 1.3100e+01 1.2054e+02 9.9968e-01 2.0000e+00
-6.9090e-01 2.2430e+01 9.6991e+01 1.1608e+00 2.0000e+00
-7.8800e-01 6.4100e+00 8.5487e+01 1.2329e+00 2.0000e+00
-9.1210e-01 1.8590e+01 1.3910e+02 9.3685e-01 2.0000e+00
-1.0558e+00 2.2090e+01 1.1243e+02 9.6124e-01 2.0000e+00
-1.2219e+00 1.0790e+01 1.0501e+02 1.8425e-01 2.0000e+00
-1.4144e+00 1.9920e+01 1.1865e+02 8.3025e-01 2.0000e+00
-1.6371e+00 1.4780e+01 8.2372e+01 6.0648e-01 2.0000e+00
-1.8949e+00 9.3100e+00 9.9368e+01 1.2901e+00 2.0000e+00
-2.1932e+00 1.9750e+01 1.2013e+02 2.7672e-02 2.0000e+00
-2.5385e+00 1.5380e+01 1.0018e+02 7.9639e-01 2.0000e+00
-2.9392e+00 1.3920e+01 9.5168e+01 3.5065e-01 2.0000e+00
-1.5800e-01 2.1890e+01 1.6839e+02 9.1426e-01 2.0000e+00
-1.7800e-01 1.7940e+01 1.5042e+02 1.5251e+00 2.0000e+00
-2.0000e-01 1.7630e+01 1.1744e+02 1.6228e+00 2.0000e+00
-2.2600e-01 1.0140e+01 1.0249e+02 2.0539e-01 2.0000e+00
-2.8500e-01 1.2300e+01 7.7683e+01 2.4521e+00 2.0000e+00
-3.2100e-01 6.0400e+00 6.2671e+01 1.4797e+00 2.0000e+00
-3.6100e-01 8.7600e+00 5.4768e+01 1.8407e+00 2.0000e+00
-4.5700e-01 5.4100e+00 4.3686e+01 5.9977e-01 2.0000e+00
-5.1400e-01 4.9000e+00 4.6761e+01 7.6453e-01 2.0000e+00
-5.7900e-01 6.1400e+00 3.6460e+01 1.4883e+00 2.0000e+00
-6.5000e-01 2.4700e+00 3.2904e+01 1.6305e-01 2.0000e+00
-7.3200e-01 5.2900e+00 3.7897e+01 5.8259e-02 2.0000e+00
-8.2400e-01 3.6500e+00 3.3355e+01 1.0787e+00 2.0000e+00
-9.2700e-01 4.2200e+00 2.9382e+01 2.0373e-01 2.0000e+00
-1.0420e+00 2.7100e+00 3.1784e+01 1.2866e+00 2.0000e+00
-1.1720e+00 4.7800e+00 3.9787e+01 2.4004e-01 2.0000e+00
-1.3200e+00 4.6000e+00 3.0020e+01 1.6120e+00 2.0000e+00
-1.4840e+00 2.4800e+00 2.7203e+01 1.1740e+00 2.0000e+00
-1.6690e+00 3.9300e+00 3.9581e+01 2.4495e+00 2.0000e+00
-1.8790e+00 5.4000e+00 1.5258e+01 2.1912e+00 2.0000e+00
-2.1130e+00 -1.8000e+00 2.3598e+01 4.5724e+00 2.0000e+00
-2.3770e+00 7.3600e+00 4.4815e+01 4.5461e-01 2.0000e+00
-2.6740e+00 3.2000e+00 2.6269e+01 3.1062e+00 2.0000e+00
-3.0090e+00 2.9900e+00 2.1556e+01 1.6673e-01 2.0000e+00
-3.3850e+00 2.0900e+00 2.5256e+01 1.8699e+00 2.0000e+00
-3.8070e+00 3.8600e+00 3.3488e+01 1.5268e-01 2.0000e+00
-4.2840e+00 4.0300e+00 2.4360e+01 8.8789e-01 2.0000e+00
-4.8200e+00 1.7100e+00 2.7167e+01 7.6015e-01 2.0000e+00
0.0000e+00 0.0000e+00 1.0248e+01 1.4878e-01 2.0000e+00
-1.0000e+00 5.0000e-01 1.0174e+01 1.3810e-01 2.0000e+00
-1.0000e+00 4.7000e-01 1.0113e+01 7.2896e-02 2.0000e+00
-1.0000e+00 4.5000e-01 1.0233e+01 7.6288e-02 2.0000e+00
-1.0000e+00 4.4000e-01 1.0188e+01 1.3135e-01 2.0000e+00
-1.0000e+00 4.1000e-01 1.0123e+01 6.4542e-02 2.0000e+00
-1.0000e+00 4.0000e-01 1.0132e+01 1.4817e-03 2.0000e+00
-1.0000e+00 3.8000e-01 1.0122e+01 1.1754e-01 2.0000e+00
-1.0000e+00 3.7000e-01 1.0217e+01 1.8864e-02 2.0000e+00
-1.0000e+00 3.6000e-01 1.0142e+01 1.5075e-02 2.0000e+00
-1.0000e+00 3.4000e-01 1.0202e+01 1.1556e-01 2.0000e+00
-1.0000e+00 3.4000e-01 1.0222e+01 1.9963e-01 2.0000e+00
-1.0000e+00 3.2000e-01 1.0077e+01 2.4644e-01 2.0000e+00
-1.0000e+00 3.1000e-01 1.0062e+01 2.1084e-01 2.0000e+00
-1.0000e+00 3.0000e-01 1.0201e+01 1.2452e-01 2.0000e+00
-1.0000e+00 3.0000e-01 1.0141e+01 2.0742e-01 2.0000e+00
-1.0000e+00 2.8000e-01 1.0081e+01 6.0337e-02 2.0000e+00
-1.0000e+00 2.8000e-01 1.0171e+01 3.2720e-01 2.0000e+00
-1.0000e+00 2.7000e-01 1.0261e+01 8.5898e-02 2.0000e+00
-1.0000e+00 2.7000e-01 1.0131e+01 5.0088e-01 2.0000e+00
-1.0000e+00 2.5000e-01 1.0001e+01 4.8919e-04 2.0000e+00
-1.0000e+00 2.5000e-01 1.0124e+01 4.9681e-01 2.0000e+00
0.0000e+00 0.0000e+00 1.2113e+02 4.8754e-01 3.0000e+00
-1.0000e+00 5.9100e+00 1.2405e+02 7.5037e-01 3.0000e+00
-1.0000e+00 5.9000e+00 1.2996e+02 1.0094e+00 3.0000e+00
-1.0000e+00 5.9100e+00 1.3597e+02 9.9768e-01 3.0000e+00
-1.0000e+00 5.9100e+00 1.4176e+02 9.9014e-01 3.0000e+00
-1.0000e+00 5.9000e+00 1.4767e+02 1.0109e+00 3.0000e+00
-1.0000e+00 5.9100e+00 1.5370e+02 1.0097e+00 3.0000e+00
-1.0000e+00 5.9100e+00 1.5961e+02 9.8727e-01 3.0000e+00
-1.0000e+00 5.9100e+00 1.6537e+02 9.8860e-01 3.0000e+00
-1.0000e+00 5.9000e+00 1.7128e+02 1.0127e+00 3.0000e+00
-1.0000e+00 5.9100e+00 1.7733e+02 9.9794e-01 3.0000e+00
-1.0000e+00 5.9100e+00 1.8308e+02 9.8741e-01 3.0000e+00
-1.0000e+00 5.9000e+00 1.8900e+02 1.0140e+00 3.0000e+00
-1.0000e+00 5.9100e+00 1.9506e+02 9.9800e-01 3.0000e+00
-1.0000e+00 5.9100e+00 2.0079e+02 9.8619e-01 3.0000e+00
-1.0000e+00 5.9000e+00 2.0671e+02 1.0154e+00 3.0000e+00
-1.0000e+00 5.9100e+00 2.1279e+02 1.0141e+00 3.0000e+00
-1.0000e+00 5.9100e+00 2.1870e+02 9.8325e-01 3.0000e+00
-1.0000e+00 5.9100e+00 2.2441e+02 9.8455e-01 3.0000e+00
-1.0000e+00 5.9000e+00 2.3033e+02 1.0171e+00 3.0000e+00
-1.0000e+00 5.9100e+00 2.3642e+02 7.6124e-01 3.0000e+00
-1.0000e+00 5.9100e+00 2.3934e+02 4.9681e-01 3.0000e+00
0.0000e+00 0.0000e+00 5.2675e+02 2.5353e-01 4.0000e+00
-1.0000e+00 2.5700e+01 5.3330e+02 3.4913e-01 4.0000e+00
-1.0000e+00 2.5100e+01 5.4434e+02 4.7091e-01 4.0000e+00
-1.0000e+00 2.4400e+01 5.5658e+02 5.2895e-01 4.0000e+00
-1.0000e+00 2.4000e+01 5.6991e+02 5.1665e-01 4.0000e+00
-1.0000e+00 2.3500e+01 5.8116e+02 4.6157e-01 4.0000e+00
-1.0000e+00 2.3000e+01 5.9140e+02 4.9060e-01 4.0000e+00
-1.0000e+00 2.2500e+01 6.0344e+02 5.1605e-01 4.0000e+00
-1.0000e+00 2.2200e+01 6.1448e+02 4.8927e-01 4.0000e+00
-1.0000e+00 2.1700e+01 6.2492e+02 4.9762e-01 4.0000e+00
-1.0000e+00 2.1400e+01 6.3592e+02 5.0427e-01 4.0000e+00
-1.0000e+00 2.1000e+01 6.4631e+02 5.1927e-01 4.0000e+00
-1.0000e+00 2.0700e+01 6.5756e+02 5.3243e-01 4.0000e+00
-1.0000e+00 2.0400e+01 6.6820e+02 5.1070e-01 4.0000e+00
-1.0000e+00 2.0100e+01 6.7825e+02 4.8832e-01 4.0000e+00
-1.0000e+00 1.9800e+01 6.8769e+02 4.6525e-01 4.0000e+00
-1.0000e+00 1.9500e+01 6.9654e+02 4.4146e-01 4.0000e+00
-1.0000e+00 1.9200e+01 7.0479e+02 5.2068e-01 4.0000e+00
-1.0000e+00 1.8900e+01 7.1633e+02 5.4274e-01 4.0000e+00
-1.0000e+00 1.8800e+01 7.2528e+02 4.7565e-01 4.0000e+00
-1.0000e+00 1.8400e+01 7.3403e+02 4.3076e-01 4.0000e+00
-1.0000e+00 1.8300e+01 7.4111e+02 3.8907e-01 4.0000e+00
0.0000e+00 0.0000e+00 3.8942e+00 5.0572e-01 5.0000e+00
-1.0000e+00 1.9000e-01 3.9915e+00 4.5139e-01 5.0000e+00
-1.0000e+00 1.9000e-01 4.0664e+00 4.0523e-01 5.0000e+00
-1.0000e+00 1.8000e-01 4.1413e+00 4.1586e-03 5.0000e+00
-1.0000e+00 1.8000e-01 4.0712e+00 4.1366e-01 5.0000e+00
-1.0000e+00 1.6000e-01 4.0011e+00 3.0122e-01 5.0000e+00
-1.0000e+00 1.6000e-01 4.1610e+00 5.5465e-01 5.0000e+00
-1.0000e+00 1.6000e-01 4.1810e+00 3.6323e-01 5.0000e+00
-1.0000e+00 1.5000e-01 4.0559e+00 3.9251e-01 5.0000e+00
-1.0000e+00 1.4000e-01 4.0608e+00 3.8674e-02 5.0000e+00
-1.0000e+00 1.4000e-01 4.0457e+00 1.1165e-01 5.0000e+00
-1.0000e+00 1.3000e-01 4.0307e+00 4.5198e-01 5.0000e+00
-1.0000e+00 1.3000e-01 4.1607e+00 3.3241e-01 5.0000e+00
-1.0000e+00 1.3000e-01 4.1206e+00 3.2080e-01 5.0000e+00
-1.0000e+00 1.2000e-01 4.0806e+00 4.2059e-01 5.0000e+00
-1.0000e+00 1.2000e-01 4.0205e+00 5.2288e-01 5.0000e+00
-1.0000e+00 1.1000e-01 3.9605e+00 2.4349e-01 5.0000e+00
-1.0000e+00 1.1000e-01 4.0705e+00 9.9976e-01 5.0000e+00
-1.0000e+00 1.1000e-01 4.1805e+00 6.8700e-02 5.0000e+00
-1.0000e+00 1.1000e-01 4.0904e+00 8.5888e-01 5.0000e+00
-1.0000e+00 1.0000e-01 4.0004e+00 1.8253e-01 5.0000e+00
-1.0000e+00 1.0000e-01 4.0498e+00 4.9681e-01 5.0000e+00
